600998
600999
601000
601001
601002
601003
601005
601006
601007
601008
601009
601010
601011
601012
601015
601016
601018
601021
601028
601038
601058
601069
601088
601098
601099
601100
601101
601106
601107
601111
601113
601116
601117
601118
601126
601137
601139
601158
601166
601168
601169
601177
601179
601186
601188
601198
601199
601208
601211
601216
601218
601222
601225
601226
601231
601233
601238
601258
601268
601288
601299
601311
601313
601318
601328
601333
601336
601339
601368
601369
601377
601388
601390
601398
601515
601518
601519
601555
601558
601566
601567
601579
601588
601599
601600
601601
601607
601608
601616
601618
601628
601633
601636
601666
601668
601669
601677
601678
601688
601689
601699
601700
601717
601718
601727
601766
601777
601788
601789
601798
601799
601800
601801
601808
601818
601857
601866
601872
601877
601880
601886
601888
601890
601898
601899
601901
601908
601918
601919
601928
601929
601933
601939
601958
601965
601968
601969
601985
601988
601989
601991
601992
601996
601998
601999
603000
603001
603002
603003
603005
603006
603008
603009
603010
603011
603012
603015
603017
603018
603019
603020
603021
603022
603023
603025
603026
603030
603066
603077
603085
603088
603099
603100
603108
603111
603116
603117
603118
603123
603126
603128
603158
603166
603167
603168
603169
603188
603198
603199
603222
603223
603227
603268
603288
603300
603306
603308
603309
603311
603315
603318
603328
603333
603338
603355
603366
603368
603369
603399
603456
603518
603519
603555
603558
603566
603567
603568
603588
603589
603598
603599
603600
603601
603606
603609
603611
603616
603618
603636
603669
603678
603686
603688
603698
603699
603703
603718
603729
603766
603788
603789
603799
603806
603808
603818
603828
603838
603869
603883
603885
603889
603898
603899
603901
603918
603939
603968
603969
603979
603988
603989
603993
603997
603998
900901
900902
900903
900904
900905
900906
900907
900908
900909
900910
900911
900912
900913
900914
900915
900916
900917
900918
900919
900920
900921
900922
900923
900924
900925
900926
900927
900928
900929
900930
900931
900932
900933
900934
900935
900936
900937
900938
900939
900940
900941
900942
900943
900945
900946
900947
900948
900949
900950
900951
900952
900953
900955
900956
900957
000001
000002
000003
000004
000005
000006
000007
000008
000009
000010
000011
000012
000013
000014
000015
000016
000017
000018
000019
000020
000021
000022
000023
000024
000025
000026
000027
000028
000029
000030
000031
000032
000033
000034
000035
000036
000037
000038
000039
000040
000042
000043
000045
000046
000047
000048
000049
000050
000055
000056
000058
000059
000060
000061
000062
000063
000065
000066
000068
000069
000070
000078
000088
000089
000090
000096
000099
000100
000150
000151
000153
000155
000156
000157
000158
000159
000166
000301
000333
000338
000400
000401
000402
000403
000404
000405
000406
000407
000408
000409
000410
000411
000412
000413
000415
000416
000417
000418
000419
000420
000421
000422
000423
000425
000426
000428
000429
000430
000488
000498
000501
000502
000503
000504
000505
000506
000507
000508
000509
000510
000511
000513
000514
000515
000516
000517
000518
000519
000520
000521
000522
000523
000524
000525
000526
000527
000528
000529
000530
000531
000532
000533
000534
000535
000536
000537
000538
000539
000540
000541
000542
000543
000544
000545
000546
000547
000548
000549
000550
000551
000552
000553
000554
000555
000556
000557
000558
000559
000560
000561
000562
000563
000564
000565
000566
000567
000568
000569
000570
000571
000572
000573
000576
000578
000581
000582
000583
000584
000585
000586
000587
000588
000589
000590
000591
000592
000593
000594
000595
000596
000597
000598
000599
000600
000601
000602
000603
000605
000606
000607
000608
000609
000610
000611
000612
000613
000615
000616
000617
000618
000619
000620
000621
000622
000623
000625
000626
000627
000628
000629
000630
000631
000632
000633
000635
000636
000637
000638
000639
000650
000651
000652
000653
000655
000656
000657
000658
000659
000660
000661
000662
000663
000665
000666
000667
000668
000669
000670
000671
000672
000673
000675
000676
000677
000678
000679
000680
000681
000682
000683
000685
000686
000687
000688
000689
000690
000691
000692
000693
000695
000697
000698
000699
000700
000701
000702
000703
000705
000707
000708
000709
000710
000711
000712
000713
000715
000716
000717
000718
000719
000720
000721
000722
000723
000725
000726
000727
000728
000729
000730
000731
000732
000733
000735
000736
000737
000738
000739
000748
000750
000751
000752
000753
000755
000756
000757
000758
000759
000760
000761
000762
000763
000765
000766
000767
000768
000769
000776
000777
000778
000779
000780
000782
000783
000785
000786
000787
000788
000789
000790
000791
000792
000793
000795
000796
000797
000798
000799
000800
000801
000802
000803
000805
000806
000807
000809
000810
000811
000812
000813
000815
000816
000817
000818
000819
000820
000821
000822
000823
000825
000826
000827
000828
000829
000830
000831
000832
000833
000835
000836
000837
000838
000839
000848
000850
000851
000852
000856
000858
000859
000860
000861
000862
000863
000866
000868
000869
000875
000876
000877
000878
000880
000881
000882
000883
000885
000886
000887
000888
000889
000890
000892
000893
000895
000897
000898
000899
000900
000901
000902
000903
000905
000906
000908
000909
000910
000911
000912
000913
000915
000916
000917
000918
000919
000920
000921
000922
000923
000925
000926
000927
000928
000929
000930
000931
000932
000933
000935
000936
000937
000938
000939
000948
000949
000950
000951
000952
000953
000955
000956
000957
000958
000959
000960
000961
000962
000963
000965
000966
000967
000968
000969
000970
000971
000972
000973
000975
000976
000977
000978
000979
000980
000981
000982
000983
000985
000987
000988
000989
000990
000991
000993
000995
000996
000997
000998
000999
001696
001896
002001
002002
002003
002004
002005
002006
002007
002008
002009
002010
002011
002012
002013
002014
002015
002016
002017
002018
002019
002020
002021
002022
002023
002024
002025
002026
002027
002028
002029
002030
002031
002032
002033
002034
002035
002036
002037
002038
002039
002040
002041
002042
002043
002044
002045
002046
002047
002048
002049
002050
002051
002052
002053
002054
002055
002056
002057
002058
002059
002060
002061
002062
002063
002064
002065
002066
002067
002068
002069
002070
002071
002072
002073
002074
002075
002076
002077
002078
002079
002080
002081
002082
002083
002084
002085
002086
002087
002088
002089
002090
002091
002092
002093
002094
002095
002096
002097
002098
002099
002100
002101
002102
002103
002104
002105
002106
002107
002108
002109
002110
002111
002112
002113
002114
002115
002116
002117
002118
002119
002120
002121
002122
002123
002124
002125
002126
002127
002128
002129
002130
002131
002132
002133
002134
002135
002136
002137
002138
002139
002140
002141
002142
002143
002144
002145
002146
002147
002148
002149
002150
002151
002152
002153
002154
002155
002156
002157
002158
002159
002160
002161
002162
002163
002164
002165
002166
002167
002168
002169
002170
002171
002172
